32 18
0 0 0
1 0 0
4 0 0
5 0 0
1 3 0
4 3 0
1 4 0
4 4 0
1 7 0
4 7 0
1 8 0
4 8 0
0 11 0
1 11 0
4 11 0
5 11 0
0 0 1
1 0 1
4 0 1
5 0 1
1 3 1
4 3 1
1 4 1
4 4 1
1 7 1
4 7 1
1 8 1
4 8 1
0 11 1
1 11 1
4 11 1
5 11 1
1 2 5 6 3 4 16 15 12 11 14 13
1
7 9 10 8
29 30 27 28 31 32 20 19 22 21 18 17
1
23 24 26 25
9 10 26 25
0
7 23 25 9
0
8 10 26 24
0
7 8 23 24
0
17 18 2 1
0
19 20 4 3
0
13 14 29 30
0
15 16 32 31
0
1 13 29 17
0
20 32 16 4
0
18 21 5 2
0
3 6 22 19
0
21 22 6 5
0
27 30 14 11
0
12 15 31 28
0
11 12 28 27
0