48 48
0 0 0
1 0 0
4 0 0
5 0 0
0 3 0
1 3 0
4 3 0
5 3 0
0 4 0
1 4 0
4 4 0
5 4 0
0 7 0
1 7 0
4 7 0
5 7 0
0 8 0
1 8 0
4 8 0
5 8 0
0 11 0
1 11 0
4 11 0
5 11 0
0 0 1
1 0 1
4 0 1
5 0 1
0 3 1
1 3 1
4 3 1
5 3 1
0 4 1
1 4 1
4 4 1
5 4 1
0 7 1
1 7 1
4 7 1
5 7 1
0 8 1
1 8 1
4 8 1
5 8 1
0 11 1
1 11 1
4 11 1
5 11 1
1 2 6 5
0
3 4 8 7
0
5 6 10 9
0
6 7 11 10
0
7 8 12 11
0
9 10 14 13
0
11 12 16 15
0
13 14 18 17
0
14 15 19 18
0
15 16 20 19
0
17 18 22 21
0
19 20 24 23
0
26 25 29 30
0
28 27 31 32
0
30 29 33 34
0
31 30 34 35
0
32 31 35 36
0
34 33 37 38
0
36 35 39 40
0
38 37 41 42
0
39 38 42 43
0
40 39 43 44
0
42 41 45 46
0
44 43 47 48
0
25 26 2 1
0
2 26 30 6
0
30 31 7 6
0
27 3 7 31
0
27 28 4 3
0
4 28 32 8
0
8 32 36 12
0
12 36 40 16
0
16 40 44 20
0
20 44 48 24
0
23 24 48 47
0
43 19 23 47
0
18 19 43 42
0
18 42 46 22
0
21 22 46 45
0
41 17 21 45
0
37 13 17 41
0
33 9 13 37
0
29 5 9 33
0
25 1 5 29
0
10 11 35 34
0
35 11 15 39
0
38 39 15 14
0
10 34 38 14
0